name: ICO
channels:
  - conda-forge
  - defaults
dependencies:
  - backcall=0.2.0=pyh9f0ad1d_0
  - backports=1.0=py_2
  - backports.functools_lru_cache=1.6.4=pyhd8ed1ab_0
  - bottleneck=1.3.5=py37h3a130e4_0
  - ca-certificates=2022.9.24=h5b45459_0
  - colorama=0.4.5=pyhd8ed1ab_0
  - debugpy=1.6.3=py37hf2a7229_0
  - decorator=5.1.1=pyhd8ed1ab_0
  - entrypoints=0.4=pyhd8ed1ab_0
  - intel-openmp=2022.1.0=h57928b3_3787
  - ipykernel=6.16.0=pyh025b116_0
  - ipython=7.33.0=py37h03978a9_0
  - jedi=0.18.1=pyhd8ed1ab_2
  - jupyter_client=7.4.3=pyhd8ed1ab_0
  - jupyter_core=4.11.1=py37h03978a9_0
  - libblas=3.9.0=16_win64_mkl
  - libcblas=3.9.0=16_win64_mkl
  - liblapack=3.9.0=16_win64_mkl
  - libsodium=1.0.18=h8d14728_1
  - libsqlite=3.39.4=hcfcfb64_0
  - matplotlib-inline=0.1.6=pyhd8ed1ab_0
  - mkl=2022.1.0=h6a75c08_874
  - nest-asyncio=1.5.6=pyhd8ed1ab_0
  - numexpr=2.7.3=py37h9386db6_2
  - numpy=1.21.6=py37h2830a78_0
  - openssl=3.0.5=hcfcfb64_2
  - packaging=21.3=pyhd8ed1ab_0
  - pandas=1.3.5=py37h6214cd6_0
  - parso=0.8.3=pyhd8ed1ab_0
  - pickleshare=0.7.5=py_1003
  - pip=22.3=pyhd8ed1ab_0
  - prompt-toolkit=3.0.31=pyha770c72_0
  - psutil=5.9.3=py37h51bd9d9_0
  - pygments=2.13.0=pyhd8ed1ab_0
  - pyparsing=3.0.9=pyhd8ed1ab_0
  - python=3.7.12=h900ac77_100_cpython
  - python-dateutil=2.8.2=pyhd8ed1ab_0
  - python_abi=3.7=2_cp37m
  - pytz=2022.5=pyhd8ed1ab_0
  - pywin32=303=py37hcc03f2d_0
  - pyzmq=24.0.1=py37h7347f05_0
  - setuptools=65.5.0=pyhd8ed1ab_0
  - six=1.16.0=pyh6c4a22f_0
  - sqlite=3.39.4=hcfcfb64_0
  - tbb=2021.6.0=h91493d7_0
  - tornado=6.2=py37hcc03f2d_0
  - traitlets=5.5.0=pyhd8ed1ab_0
  - ucrt=10.0.20348.0=h57928b3_0
  - vc=14.2=hac3ee0b_8
  - vs2015_runtime=14.29.30139=h890b9b1_8
  - wcwidth=0.2.5=pyh9f0ad1d_2
  - wheel=0.37.1=pyhd8ed1ab_0
  - zeromq=4.3.4=h0e60522_1
  - pip:
    - async-generator==1.10
    - attrs==22.1.0
    - beautifulsoup4==4.11.1
    - cachetools==5.2.0
    - cchardet==2.1.7
    - certifi==2022.9.24
    - cffi==1.15.1
    - charset-normalizer==2.1.1
    - classes==0.4.1
    - click==8.1.3
    - cycler==0.11.0
    - exceptiongroup==1.0.0rc9
    - extract-social-media==0.4.0
    - filelock==3.8.0
    - fonttools==4.38.0
    - h11==0.14.0
    - html-to-etree==0.2.0
    - httplib2==0.20.4
    - huggingface-hub==0.10.1
    - idna==3.4
    - importlib-metadata==5.0.0
    - joblib==1.2.0
    - kiwisolver==1.4.4
    - lxml==4.9.1
    - matplotlib==3.5.3
    - nltk==3.7
    - oauthlib==3.2.2
    - outcome==1.2.0
    - pdfkit==1.0.0
    - pillow==9.2.0
    - protobuf==4.21.8
    - pyasn1==0.4.8
    - pyasn1-modules==0.2.8
    - pycparser==2.21
    - pysocks==1.7.1
    - pyyaml==6.0
    - regex==2022.9.13
    - requests==2.28.1
    - requests-oauthlib==1.3.1
    - rsa==4.9
    - selenium==4.5.0
    - sniffio==1.3.0
    - sortedcontainers==2.4.0
    - soup2dict==2.1.0
    - soupsieve==2.3.2.post1
    - tika==1.24
    - tokenizers==0.13.1
    - torch==1.12.1
    - torchaudio==0.12.1
    - torchvision==0.13.1
    - tqdm==4.64.1
    - transformers==4.23.1
    - trio==0.22.0
    - trio-websocket==0.9.2
    - typing-extensions==4.4.0
    - unidecode==1.3.6
    - uritemplate==4.1.1
    - urllib3==1.26.12
    - w3lib==2.0.1
    - wordcloud==1.8.2.2
    - wsproto==1.2.0
    - zipp==3.9.0
prefix: C:\Users\Alessandro Bitetto\.conda\envs\ICO
